 2.367
 1.744
 1.418
 1.215
 1.087
 1.002
 0.937
 0.885
 0.846
 0.811
 0.775
 0.747
 0.717
 0.686
 0.657
 0.636
 0.618
 0.600
 0.579
 0.563
 0.551
 0.540
 0.532
 0.525
 0.518
 0.506
 0.495
 0.482
 0.474
 0.467
 0.452
 0.432
 0.416
 0.407
 0.397
 0.390
 0.382
 0.381
 0.379
 0.379
 0.373
 0.364
 0.349
 0.330
 0.317
 0.313
 0.305
 0.299
 0.293
 0.282
 0.270
 0.256
 0.245
 0.234
 0.231
 0.222
 0.209
 0.204
 0.194
 0.185
 0.176
 0.172
 0.167
 0.154
 0.136
 0.123
 0.119
 0.115
 0.106
 0.098
 0.093
 0.092
 0.089
 0.092
 0.094
 0.092
 0.087
 0.078
 0.068
 0.064
 0.063
 0.060
 0.054
 0.050
 0.045
 0.041
 0.037
 0.036
 0.035
 0.036
 0.038
 0.037
 0.031
 0.029
 0.027
 0.021
 0.016
 0.015
 0.009
 0.009
 0.013
 0.013
 0.014
 0.017
 0.020
 0.024
 0.025
 0.022
 0.019
 0.018
 0.017
 0.016
 0.020
 0.025
 0.027
 0.025
 0.024
 0.021
 0.017
 0.015
 0.009
 0.008
 0.005
 0.003
-0.000
-0.001
-0.002
-0.005
-0.007
-0.007
-0.010
-0.011
-0.008
 0.001
 0.001
 0.003
 0.002
 0.006
 0.010
 0.005
-0.004
-0.009
-0.014
-0.018
-0.023
-0.025
-0.032
-0.038
-0.049
-0.058
-0.065
-0.064
-0.065
-0.064
-0.068
-0.073
-0.077
-0.081
-0.085
-0.086
-0.091
-0.095
-0.093
-0.097
-0.100
-0.105
-0.105
-0.097
-0.088
-0.083
-0.084
-0.075
-0.067
-0.069
-0.064
-0.058
-0.054
-0.052
-0.051
-0.052
-0.052
-0.059
-0.065
-0.062
-0.059
-0.057
-0.059
-0.063
-0.076
-0.081
-0.081
-0.075
-0.076
-0.079
-0.085
-0.090
-0.092
-0.097
-0.106
-0.110
-0.112
-0.118
-0.123
-0.129
-0.129
-0.126
-0.127
-0.127
-0.125
-0.130
-0.138
-0.143
-0.147
-0.149
-0.154
-0.162
-0.164
-0.168
-0.169
-0.174
-0.180
-0.182
-0.184
-0.182
-0.186
-0.193
-0.195
-0.199
-0.202
-0.205
-0.208
-0.211
-0.212
-0.216
-0.211
-0.206
-0.207
-0.205
-0.205
-0.207
-0.208
-0.211
-0.215
-0.213
-0.210
-0.210
-0.209
-0.209
-0.212
-0.212
-0.217
-0.222
-0.218
-0.212
-0.212
-0.214
-0.216
-0.217
-0.215
-0.219
-0.221
-0.227
-0.231
-0.233
-0.231
-0.234
-0.236
-0.238
-0.236
-0.241
-0.245
-0.245
-0.249
-0.253
-0.248
-0.245
-0.236
-0.228
-0.224
-0.222
-0.223
-0.220
-0.216
-0.212
-0.207
-0.209
-0.214
-0.211
-0.209
-0.205
-0.198
-0.185
-0.177
-0.177
-0.176
-0.172
-0.168
-0.159
-0.142
-0.132
-0.130
-0.128
-0.129
-0.131
-0.128
-0.111
-0.082
-0.060
-0.043
-0.030
-0.021
-0.012
-0.003
 0.007
 0.011
 0.014
 0.014
 0.007
-0.008
-0.017
-0.016
-0.016
-0.029
-0.038
-0.043
-0.055
-0.061
-0.076
-0.086
-0.099
-0.106
-0.090
-0.087
-0.086
-0.087
-0.082
-0.077
-0.075
-0.079
-0.067
-0.068
-0.087
-0.081
-0.067
-0.061
-0.074
-0.083
-0.114
-0.126
-0.114
-0.095
-0.103
-0.112
-0.159
-0.205
-0.189
-0.156
-0.127
-0.121
-0.039
